50,154.017222,7.625154
100,75.124000,8.426532
200,40.585000,0.907227
300,31.036600,0.858368
400,26.046100,1.101729
500,22.005900,0.392251
600,20.066800,0.539330
700,19.292700,0.567119
800,18.085900,0.271366
900,20.776400,1.612393
1000,20.335500,0.678525
1100,19.290500,0.391486
1200,19.864400,0.213042
1300,22.011600,6.509226
1400,20.300900,2.964681
1500,19.462300,1.374557
1600,19.985700,2.137655
1700,18.749000,1.321203
1800,19.698500,1.415114
1900,18.211200,0.922415
2000,20.398400,3.901283
2100,18.767900,0.606972
2200,20.003700,2.302020
2300,18.526300,0.360651
2400,21.207800,3.785151
2500,19.155600,0.505313
2600,19.070800,0.801383
2700,18.668300,0.441092
2800,20.085400,2.320103
2900,19.267300,0.688160
3000,20.317800,1.585328
3100,20.341700,1.812782
3200,19.945900,0.741265
6400,27.195500,1.288707
12800,43.947100,1.579782
