# range = 100, len = 3170
2.07283616597
1.88563080455
1.56777102727
1.61395826386
1.35357653014
1.52862719852
1.56823526247
2.02790487488
4.21782178218
1.83406639004
1.94087496743
2.21245650661
2.52805498982
1.5307073274
1.82139147155
2.38705546445
3.88629707423
5.30668077545
1.78589809573
1.62064271934
1.63099441933
2.4620809145
1.57590054375
1.46522037939
1.74955688554
2.0688836553
2.24752613884
1.93248375134
2.08038845842
3.58676927032
1.61451652866
1.55187665764
1.43733167154
1.70742912364
1.99787594933
1.60820564397
3.09042212454
2.96569505663
3.46886651753
2.2854822312
3.14632529825
4.11475835096
1.60748359014
1.72502509693
2.52516470538
2.23021594881
3.69583915197
3.70622283602
2.32885686377
2.09345864759
2.60714811156
1.41162400997
2.06555375824
3.62733036727
2.41420903534
1.64466372449
2.63497731663
1.96960792495
2.43802491924
1.62664173002
2.97956813759
2.33158577353
1.78240039564
17.8459211386
1.78761392887
2.41592217899
2.5621282752
6.28034555303
7.15546882261
1.59477032398
2.1345239367
1.53219333646
6.00932219127
2.66470677334
3.9847236367
5.95906253589
6.17358158627
2.37023961954
4.84540214528
5.74135956914
3.03186819294
4.33871896859
2.61487340173
2.58651314497
4.69408272425
1.85850662996
3.23071303331
1.98497876131
1.43055885966
2.89844039804
3.49128773565
3.04423949198
1.66990335008
2.00669943981
2.29743376911
1.90937522889
3.73792409197
5.89037787408
1.93269615184
1.6204928835
1.59990221748
1.65644989522
1.94278092698
1.51299203417
3.70267888887
1.69212310408
1.49928229872
1.51747472747
1.38587902734
1.85088870598
1.5372977925
2.1870270685
2.70306418792
1.66754620957
1.85180763462
2.45987225261
2.17289381829
1.3757972601
1.77844959603
2.46265432612
2.11324713287
2.58390816843
1.59588271688
2.97398448197
1.58167844614
1.22436446687
1.2436502682
1.14253879918
3.3472865513
3.44231851164
3.51903363474
1.76286299037
1.37218188766
2.54086383497
2.81185450263
1.95505710026
2.24896324896
2.26494045374
1.8923907038
2.08900309027
1.56716319264
2.50796324304
4.49127045131
2.05621879748
3.44571495473
2.18364989231
1.65655079109
3.65558385428
1.57282258406
2.94822443336
1.92905494249
3.1814339726
2.78861277626
4.0094236248
2.24267966709
3.80298090359
2.31234290502
1.54575776527
1.73691486589
2.76197149695
1.7734622824
2.1801357843
1.9607142462
2.23727463739
1.79464843817
1.46994756329
1.68230382037
1.96781917006
1.30140107764
1.27517108506
2.31611253706
1.51507554561
2.17852869042
4.56451099971
2.78813764203
1.46730715992
2.1350308642
2.21382172739
1.77017977582
1.67623892001
4.61310287148
1.98198553358
1.88482252449
4.28638596491
4.24400564176
2.76801449211
1.68403322846
3.07941089838
2.51173520562
1.74559779347
1.83075631618
2.93231438926
2.58522939202
1.95358901885
5.24312484541
3.23452683938
1.37952512488
2.04716611858
2.08228416204
1.88447251115
2.45159224688
2.09527685971
2.96988451288
2.05038033239
6.0785318268
2.18931895481
2.36619862187
2.0380761916
1.99772356262
2.44573896184
2.37731898309
1.6377348025
1.59130447819
1.78662907452
1.91991282143
2.42890006951
2.14052504291
1.23519741884
1.60660152642
2.22514979013
2.92733054005
22.5312693307
2.7865369196
2.07567249415
1.45282126832
1.3667508082
1.61730963052
16.9147680103
4.65770296623
3.02400860686
3.06338271947
1.86051218868
1.4989613419
2.22564823968
1.99074040517
2.84432056322
3.43060711292
2.44198387004
24.3694650919
2.11965499931
5.27511175741
4.31653670342
6.03882973002
6.41914305458
6.41068055633
6.72063178678
1.46763485285
4.98081685765
4.6010901883
1.13113750697
2.11546039288
1.95321255853
2.98689660366
1.65256224022
2.15442411385
1.79249571386
2.11305802751
2.08032119456
1.42536015639
1.44280262257
4.15595027763
4.04308033943
2.16468001954
6.15162676487
2.45063422595
4.3575286803
1.87040752985
1.91486520979
2.34327421127
1.23965567631
2.28157349897
2.21809142179
2.13295214938
1.97877656908
1.59920352999
1.96331711041
1.74029691872
2.38109595597
2.14993547123
2.66379050868
2.03181523933
3.50979820791
1.20346128638
1.51000530894
1.80235235026
2.226368004
1.30764129069
2.66016498534
1.91010754472
2.17368444976
1.85020452843
1.88128727234
2.05626377085
1.90223275852
1.88410988802
2.87268022324
1.91776766491
2.68310142019
2.09047432152
2.19348609901
1.97674818883
1.23145951698
2.92442022911
1.89729249012
1.52317272259
2.96775574261
2.67045755676
1.47082003896
1.61554626278
1.38231494956
2.82355892371
7.22548052327
6.39472360907
3.01902155776
2.18865362761
1.86524850201
3.79201428168
1.9323875948
9.90625629016
2.18374106266
2.04909878277
1.24444773478
4.90909400544
1.90296242633
8.40014932805
2.3605950821
7.87404888494
5.81498689231
1.75392276614
5.50168486318
2.27785662861
1.91780454538
2.85851716468
3.41144738802
1.51484658762
1.40725945531
2.96014543986
2.35601697751
2.05306113659
3.15098493731
1.72078743674
3.01424391433
1.88406246896
1.93437370589
2.0866676123
2.49481953774
1.75585455232
2.9886875035
3.80136393766
1.52547986556
2.86455186304
1.8831450698
1.91258993936
2.00267063865
1.75567214863
1.68632422765
2.1003258427
3.05156322193
2.35597766757
2.30120420084
2.44558610709
1.41336262678
2.47432557186
2.40465645825
8.57076212694
1.95905466495
2.41025570939
3.42557762919
2.64110833522
1.94348724022
1.37384608746
2.50809487517
4.53349360725
3.81902149357
2.39407783831
1.95488440565
9.40661479738
3.08632991053
2.87368896472
2.536346224
1.5784616344
2.14696565971
2.01396617165
1.62102034904
2.62267569856
1.49536040645
3.31827247433
2.23834196891
2.72710434246
4.84924141302
3.31165128543
2.1697365706
2.06201957822
1.78203052547
2.97824817518
1.32302224137
1.34536006646
1.36484547208
6.83482153488
1.99688556823
2.34918491849
1.78601891632
2.14987385569
3.2679198906
2.17519746414
1.38947290768
1.16899977676
1.12148163772
2.75388332758
1.8037286421
2.18050065876
2.28080428878
2.45001264302
3.16379980564
2.26847379919
2.04215525043
2.34310062468
1.39439180739
2.46586293038
1.79426582179
2.34238818433
1.19189301437
2.85659318802
2.62402609978
2.79290942588
1.36682004472
2.44670158658
1.9073281915
2.04484406765
1.85656773569
1.10677699351
2.63737476405
2.94497430381
1.78884837395
1.69378611582
3.14706319702
1.19271242343
1.38908538905
1.91267617205
1.95172934932
2.64936909157
3.96837868298
6.02896126549
3.87272588483
2.11022313657
2.24929443905
3.6475697129
1.98312282099
2.51522997258
2.22882478994
5.25112398841
3.01226160928
1.40109799486
1.74375259189
1.89233483764
2.48712215041
3.37093190751
1.51184310212
2.01006568842
2.68341435429
2.60812907938
2.58430104568
2.34539512277
1.24174167331
1.55928783428
1.25553498564
1.49056033261
1.56250023619
1.58491393156
1.23444731645
3.4966154742
1.74234553234
7.72732052327
1.16662490263
2.39573459716
2.78727009082
2.05467862104
1.7579113924
2.47951790914
1.87749493781
1.76607492271
2.06244457582
2.14014413713
2.2247199947
2.48314887622
2.07158287952
2.2902679455
1.31156481079
1.94091965036
2.34560894606
1.34554319414
1.64861363663
3.00157177376
1.47494724261
2.52598189867
3.19977216035
5.03782477342
6.92928312297
2.24018228488
2.23391296782
1.86431152873
1.7100418721
1.51909135269
1.84398874146
2.46206032773
2.29033820237
1.70184385717
2.50294880868
3.91088156163
1.71526213338
4.33200913326
2.11805855014
2.19521471348
2.18619158275
2.65031670897
3.46697185078
2.4594914575
2.04045791047
2.08605886097
1.94712600559
5.99954502901
2.07611665149
2.68714077872
2.65772394244
2.27938831715
2.62877976081
3.10908165312
2.36595785999
2.02014249182
1.20521632917
1.1580542311
3.43586594139
1.95246352815
2.40927411679
3.41601829258
2.52368409992
3.15096490194
1.23586421515
2.04558939275
2.29231576687
2.65431783934
1.57708348204
2.09414463434
2.08634227502
3.29246149138
3.78028652233
4.90562102127
1.46191547223
5.40117025832
2.65553023012
1.51203980546
2.70500308833
2.09412869767
2.42709523921
1.41366189984
5.46776585943
1.91529917742
5.73170071923
2.59577702965
1.36630895304
2.6142678862
1.84583982589
2.02183423968
1.66226526206
1.72076249356
5.16640753157
2.42000198629
2.21923852748
2.91087575351
2.20215986829
1.87595025639
1.30155518984
2.88752905181
3.62500790588
1.25896157647
2.1495094499
1.88415044765
1.97510475457
1.90435260284
2.00732051794
2.76598031689
1.47323916328
3.45346618088
1.92906710242
3.08897029502
2.14393784722
1.55277136502
1.86996445824
1.83342352773
6.17724825672
1.83701511488
1.96128645996
1.80294104302
1.49764572645
1.42972874007
1.40486858456
1.41705524985
1.57011108782
1.43775349293
1.77067224009
1.71614063695
2.27996752954
2.28968940082
2.30249968871
2.65517447359
2.30564263323
3.02874453995
1.49603941746
1.32933789666
1.5887054294
1.44355910984
1.571197207
1.52711032227
1.50400385392
2.39881449171
1.31451178497
1.30089833201
1.39814526651
1.24675282648
1.24645251429
1.28495644711
1.24979805535
3.73573700142
2.33574390181
2.17880368366
2.06425461643
2.61418571701
1.50476624572
1.68631263854
1.86391512498
2.4007577448
3.15577978068
2.61538461539
2.36398858943
2.0743543516
2.22919850136
3.55065461998
3.59542012811
1.55488986724
1.67107796525
1.87989466379
1.90942173969
1.61076734523
1.69141051646
2.7365674757
4.31976663038
3.43578485181
2.38265092992
2.51121778416
2.12701612903
2.49313501144
2.15721962212
1.96739876459
2.07848351705
1.57260655691
2.51859585756
2.04586279874
2.56584702549
2.78837413021
4.24590922554
1.64417185443
1.26536563322
2.10549943883
2.25159312128
2.03838394755
1.97246434089
2.68695192017
1.80839703987
5.44182476822
1.95623004573
2.64089412283
2.64499348175
2.74748906723
2.49353768729
2.58787011067
2.53275841977
1.56728495787
6.79340659338
2.27277581127
2.45295993558
2.45351878269
2.47587850485
2.65056277184
1.54673247003
1.89909873003
1.8826509023
2.27001230503
2.1888988809
2.46840712438
2.09577148305
3.00862123347
2.59136839921
2.39872893636
3.13492501892
2.71129479908
2.85688150859
2.40457035785
1.89801901137
2.50008286181
1.82980298415
1.40029806259
1.60924907499
2.79090933702
2.34165669437
1.2922157595
2.15390542032
1.64217397331
1.39159360421
2.26472860932
2.44377852749
2.42368774005
2.29677084644
2.33139382014
2.30900516506
2.19046267076
2.51819538142
2.17009125334
2.03112974037
1.38986732417
2.21675958514
3.52974132154
1.84141416223
5.26906580887
5.96989457422
3.22472463233
1.62973148519
1.34963542972
1.6752242663
1.32773375011
1.4811011052
1.96580489404
1.70206707113
1.5335742724
2.66418026545
1.69892506096
3.10589207709
2.02303289668
1.47509465412
2.49121081992
2.15549533953
2.2368504772
2.08514817738
1.51135300621
2.2582588295
1.22915387988
2.3276392803
2.34547031792
2.44342093775
2.54181378318
3.05310949388
2.41119408193
2.03181382538
2.30055345428
1.32100311998
2.31446021431
1.43216148594
1.35910477118
1.40188483547
1.3140217284
1.7036506871
2.26893759425
2.01226056242
1.53504719865
2.01407980336
2.38703942325
1.97708793771
3.09118328888
2.13979227864
3.03375717099
2.34403476487
2.46913179263
1.44601139999
1.57889804936
2.08913921437
1.68482557704
1.71832806568
1.7827554029
3.96513360485
2.26751471034
3.61922553273
2.18099612459
2.83901838923
1.73331041714
1.59902309181
1.96553018361
3.06668610024
1.93928550478
2.04833456826
2.14587875435
2.90941582551
1.92990780099
3.92503026635
1.97677880321
2.39102451211
1.46729947663
1.8509643765
2.24252269081
2.09828926905
3.35856044912
2.39549257086
2.51277657184
1.56926750702
1.97685185185
2.41518098325
1.50483611394
1.95646340645
2.2166298566
2.41433707865
2.33242057223
2.65883102662
2.53715313845
3.48175613249
2.54984449783
2.95200410736
2.16629975605
1.41700039634
2.56761718715
1.93796975643
2.36430831038
1.76425837089
3.0964188091
2.43648513864
3.22067290853
1.45786529475
2.08693853173
1.92681902985
1.98098808408
3.35642067276
1.36155119473
2.02173239408
2.19145960178
2.33735820631
2.2651535715
1.40902346466
1.72615679628
2.05968228286
2.38680548212
2.50681523817
1.49053827616
2.56522481381
1.59843073708
1.77019585939
1.75788993828
1.81925060419
1.44879531595
2.9870777785
4.25424921207
2.1986709683
2.17073630621
1.92501860292
2.53675589907
1.94494049447
2.45801994842
2.1030531845
2.11641044111
1.90404373768
2.39722767317
1.79414196291
1.79272200325
1.66929684379
1.70739109
1.60003931968
2.18596716159
2.94597071644
2.56057331451
2.15646732699
2.11957622949
2.39355110389
1.53987001188
2.62945628058
2.27747202348
2.17923802433
2.62131254265
2.21926224348
2.14377702799
2.05742542414
1.62084845102
2.4213274133
2.12109213918
3.81529294935
2.22781443046
1.62082201233
1.41756385447
2.30052861711
1.84522427704
1.66635842427
1.80434033692
2.07440357451
2.27954950163
1.67435637169
2.19582337499
1.61289716205
1.84762090375
1.98772558349
1.7494091119
2.00697319108
1.99994282578
2.37651503815
2.98966649185
2.21051321412
2.54055434922
2.34567878644
2.28182499531
3.29707899208
1.92048662305
1.70776729505
1.90720344738
2.39741769108
1.9693458147
1.65323915683
2.05167838354
3.2344121186
3.45423567346
2.11116586183
2.36449256641
1.61312855566
1.89461939902
1.84002687983
2.73310982424
2.47126147925
1.53832658081
2.14256611062
2.19847867318
2.39013397159
2.13333333333
1.41400609537
1.41278725278
1.54549156097
1.52374478459
2.45188896925
2.74484518309
1.71540277418
1.76475569611
1.69803731505
7.12311635854
4.8845077857
2.04291511623
5.72891451262
1.26071869464
2.7340913855
6.44733685223
1.69950781452
2.27423552575
2.60215451668
2.08776197381
1.85461345605
2.45477363359
1.82283223734
2.44278489945
2.13971203303
1.69479682803
2.12097308206
2.13138146073
1.51674061208
1.37494738554
2.06769972187
3.2010754183
1.63159602042
1.86480435482
2.17685110339
2.1116985186
1.87673297557
1.31106173704
2.21258252564
1.99720106914
2.01002255472
3.01873519793
2.53968338179
5.28421618345
2.73853971059
21.9972194285
2.03934415901
2.36965853188
2.49835062064
1.46466941702
2.14152022626
1.48311393872
1.98799079393
2.05725246953
1.63445405847
1.54987611179
1.97911384577
4.15890643447
1.85973917245
1.63432706866
1.81681205567
2.26262454498
2.19331878637
2.90033345683
1.6068193051
1.93186529871
2.3174185255
1.64296836669
1.6714445477
1.63880322513
1.30848720192
1.3955514062
1.8564272595
1.92997605142
2.01927551406
1.9049486236
1.89928386757
1.76684154015
2.28262604532
2.07565346064
1.89211586959
2.03699617301
1.99891083358
2.07792286925
2.01408067518
2.00311810398
2.10645771413
1.73654846581
1.34480583274
2.85650532098
2.32484949878
1.73011214419
1.90877115941
1.81396899895
2.01738087767
2.5930032543
3.19797885634
1.5544879775
1.83229355429
1.59530413016
3.2467901981
1.98705198228
2.62842158532
1.3521158437
2.05779108566
2.22178067207
1.65113581153
1.30793637106
1.44853071497
2.34525286092
2.0300462904
2.23550395909
2.38601240052
1.30985608889
1.31912742296
1.82397766922
1.30284201311
1.60493513172
6.10020927564
3.01971534384
3.52536242582
2.0791988954
2.32147301373
2.19552337064
2.5989118902
1.95504185376
2.8913341158
1.47317743376
1.44757161091
2.02324570932
1.3275336978
1.62399394309
2.31170263789
1.27648056548
2.35457337371
1.80078955987
2.56394856872
2.5759179212
1.76736402261
1.65420736949
1.53368489198
1.50364588902
1.65910071184
2.55548004078
2.28400942364
2.21910137752
4.8584531428
2.45188018858
2.47650720394
1.28721449799
1.17280061522
1.43675273787
1.53903819746
1.31981522819
1.6810718669
2.34261922136
1.73872337893
3.26769836164
3.03124253081
3.11079335861
1.41694869668
3.06630643193
3.15149399609
3.94686374675
3.98806608185
1.443415118
4.33539738705
2.14406534811
5.17220639442
2.27965425532
1.4372035596
2.43349547956
1.67897120481
1.16229140722
2.00752942671
1.99249530957
1.63388647817
2.21315637869
3.27914150775
2.08592191873
2.18455727181
2.51034056547
2.43936620604
2.19285035795
2.65983418283
2.38770223451
2.141310051
1.93723286226
2.21599203375
1.94274882669
2.20066662791
1.9834262529
2.30143622722
1.83315943632
2.65363005788
2.37857641191
1.69413534412
2.32384699453
1.28009070344
1.85823126137
1.94516613215
2.45751036935
3.63218667308
1.20635148042
1.91874161494
1.36741367283
1.40930496221
4.25122684818
2.18332821345
2.53642256347
2.61883017586
3.35852335529
1.75376571536
2.319223051
2.40366104857
2.09109320282
2.15145669486
1.43268443879
3.22715572716
2.38367846855
2.55799394606
1.53686968122
1.46563431345
2.55890232605
5.11144009513
1.94693179975
2.18831591136
2.29026597181
1.70501760223
2.06619628108
2.24575217572
2.01497144932
2.05639069289
2.08850818018
1.91171547647
1.38664940341
2.30544226637
19.035026968
2.48715005739
2.55700163926
4.83125519534
5.70346952871
3.67478182703
4.62498614343
4.43417258447
8.22040886446
2.5850811566
4.13254709313
2.2402340234
2.63259712755
2.39907391528
2.45171897556
2.48880855773
2.49769127864
1.97866049621
2.13662220199
4.45262847017
3.27937661498
1.50631403383
2.56469314861
4.4271483306
2.31417191109
1.40402176574
2.31473707468
2.48042949262
2.27738540369
2.3586663253
4.07295966346
3.46747580517
2.54953928368
4.87533547767
3.08127364613
1.79561737881
1.95812924921
2.33159223088
2.1888101983
1.95958986731
2.40936136454
2.12686645498
1.99626157583
2.32207929051
2.07167286245
3.18388900393
2.46707250949
21.5447470817
2.49951519852
2.1525488693
2.42232055064
2.31338364125
22.7847420394
6.26356380595
8.43335700754
2.34548537516
4.72355665586
2.33030363786
2.17087988564
3.36302055269
1.94581781239
2.33502795018
2.39527925532
2.43568043783
1.52755751133
2.36400186667
2.46964227926
2.52751956638
2.77546586459
2.71653096004
2.07458302161
4.03762427151
4.95276275716
2.27590916541
1.95360592773
1.63621728237
3.10320783179
2.01928232253
2.39041017251
1.68087897671
2.44362004541
2.40931595931
2.16753646971
1.85981420678
2.85009207358
2.7809579763
1.56101364523
21.0627989626
7.37586170327
2.77962438088
2.79721126649
2.42531701438
3.42376837192
1.6140242915
4.87016747176
1.31975506377
2.67845143362
2.27880014722
2.28049632995
2.07226850487
1.56576488855
27.0713065644
2.60497721189
2.49378939098
2.63667730078
1.59977597239
2.04333103405
1.41539899625
1.75818432684
1.84651704012
2.40821275784
2.08403629294
2.275213405
2.02571485127
1.11507261591
1.86146463593
2.09508760567
1.93475052706
2.21144436207
2.42972681524
6.94947543915
27.8399456087
1.42992306359
1.88325513671
2.15414097477
2.4429563033
2.35337349239
2.6396346607
2.2405802141
2.82300840251
5.27698420682
8.25237726922
2.02304984213
2.18073402381
2.30972092768
2.25115074799
2.54186893204
1.79716503544
2.15047978786
2.91894073757
2.05696191273
4.65863594245
2.36656223298
2.53045321364
2.24049760815
2.055618438
2.19731064764
2.60635103926
1.53361572716
26.4234062007
1.74185383383
1.94874767129
1.97013645394
2.05505046111
1.88399494023
2.6099729547
2.36007759794
2.72956058944
1.92913108401
1.14636583308
1.98730566777
11.2966838311
2.34332688588
1.56007754565
14.4792503347
6.64265207123
1.62452583111
1.90814826773
1.94699646643
2.48232745558
2.13845870842
2.36283686078
2.55250314861
2.1989261546
1.63056797483
2.06933878534
2.66274445949
2.47626330074
1.32003951412
1.96147228913
1.24555098771
1.68342284022
4.23821083622
2.22087596986
1.75396431656
1.90022596617
2.13115377304
2.35162071183
2.10157743104
2.11964173967
2.1441307578
1.89905043993
2.4934562212
2.16038398767
1.46455770199
1.78666180064
1.94019373859
1.85865244357
1.7733353313
2.55779170481
2.0672975659
2.61620014503
2.01152649223
2.20231917823
1.93722973126
1.93115293051
1.72807188904
1.53692571919
1.66722497906
2.00663119486
4.11323565931
1.90234590044
2.26322036673
2.41923570146
1.9057459422
2.17903861308
4.95373456185
2.2816984761
5.63906085738
6.70739978202
3.04732124874
6.06554521205
5.85841432224
2.28179926581
1.93769586292
1.47032271343
3.52470187394
2.46431974085
2.4861387159
2.71771927999
2.84495435222
6.57183722285
1.92370866652
1.73535471472
1.85562163405
2.24926751356
4.68001855862
3.3524854745
1.92065503881
2.08136346445
3.90532977168
1.87544797176
2.0657763038
3.85984379771
1.99962791687
1.42818824339
2.0178631872
2.07348808618
1.25040873372
2.43633285629
4.58535820372
2.92094510899
1.11852141413
1.78634548106
2.67663890084
2.63230268379
2.08670777664
1.56583188693
2.18370762823
1.87061087424
2.89827856025
2.18901217315
2.00889833118
1.95711683929
2.3805422815
1.13699188192
2.89290736509
2.5522832729
2.08501947537
2.19992743106
2.18350606302
1.23612990528
1.40639112296
3.12521831574
1.31666736869
1.75305913809
1.57666605087
1.34887383204
2.63575891415
1.93855153203
2.66781134897
1.86483918046
1.89053482108
2.58214477363
1.59106671333
1.40617952798
3.3525305063
1.9345333288
5.90378758634
1.43748304119
2.93135583901
2.37946049688
2.50942467206
2.53345343021
4.61420338284
1.95020318204
1.8733023628
2.41216500321
2.45444104135
14.389035357
1.72247008969
1.95881891872
1.98426976105
6.07452247391
1.90449750744
2.99555382354
2.79442708104
2.63714949484
2.34648877175
2.02503485482
2.50117989657
2.17003704163
4.35552144233
2.49061903261
1.8310118568
1.54291851902
2.30585751749
2.08863261312
1.78050938604
2.18956085132
1.83321931051
1.98770547945
2.3223466116
2.27247916476
2.29490501812
1.54040667972
2.02264880047
2.08260496456
2.17839589229
2.53814585404
2.43135409263
2.4696638852
2.13250088
2.38763979722
2.34231325084
1.97511239317
3.01232797692
2.2178865919
1.87011043204
1.87143243128
3.24418188328
1.89080580919
2.50769947118
2.00684146708
2.37981258912
4.29630453151
1.89471791071
2.38133566319
2.04503774423
2.17392393357
2.10785486444
2.28338742175
2.18225914256
2.5816993464
3.98572959074
2.72344357976
1.66200499352
2.1580338061
9.38756974176
2.03793187294
1.98842723083
2.34866348914
2.68838773767
3.00132888526
2.23290250635
1.6858810832
1.94512768817
1.92350438385
1.93002405176
2.13134751469
2.44353216655
2.15836552852
2.69423783216
2.88127684394
2.14476194383
2.43137542112
2.72608039253
2.20409810182
2.04480073061
2.51536712389
2.87407808551
1.36843648445
1.93282744071
3.08366186662
1.43543468433
2.66075432172
2.13672187443
1.96477212429
2.0462475165
2.25086333824
2.1339956903
4.32991473616
2.81163122905
3.0982941059
1.35367238321
2.44856565146
2.76403710323
2.24957567389
2.45977321814
2.25052822549
1.75141082632
1.37831523376
2.38481530399
2.52582124653
2.55289087595
2.45952146837
5.94689779591
2.12619818347
3.10402198098
2.36801099908
9.77822538452
1.90182577502
1.43448948321
2.20692363736
3.16593998461
1.38152761104
2.55547835932
3.22939004473
3.26771909544
2.84163019694
2.08585331943
2.78304612854
2.44586180057
2.18553490507
1.91955001255
1.35596725166
3.0540383797
1.9034567983
1.79928929993
1.4145340848
2.36354986877
4.50306781486
1.59437615017
1.97795327111
1.98769192314
2.29489636625
1.75091262614
1.11345566521
1.91637110942
2.29701279782
2.23265524864
1.44165842757
2.05098248067
1.74856262272
1.403576372
2.1652523448
1.93566883787
2.68640034436
2.25051905751
1.4603472496
1.16340208546
2.05820850842
2.8908502274
1.54469527905
1.88728822704
1.88846760463
2.03172304195
1.9898702278
2.12662200905
5.32538308373
1.6774667867
1.50635600112
1.33457957388
1.46229097534
1.52424470134
1.45496420086
1.28693279991
1.53043889776
1.25547390802
1.20293662494
1.22509407693
1.08718923699
1.08300201061
1.37399956262
1.05915724917
1.08789556352
1.11178071265
1.13205668897
1.09524348583
1.04605607152
1.10632604827
1.13014961292
1.09880876003
1.08798406151
2.04098525566
1.84778552002
8.2800357249
2.39572212337
1.74295671708
1.89541094457
1.88243967828
3.00912033779
1.94850921385
6.8151553047
2.41979162273
2.74399409184
1.87125110648
2.79460217315
1.90249563241
3.94273707227
2.16073212353
1.75929940711
2.4418977243
2.16287503713
3.1504806479
3.19519820263
2.59189827612
7.33384122565
2.36438561946
3.8046919977
1.29184280003
3.98708419643
2.11885680045
2.01231209124
1.69510571125
2.50362647325
2.43051744855
2.41928525681
1.23830988451
2.28285034177
2.71782215976
2.21532439678
1.9066995558
4.29380333029
2.48155378486
2.63881078443
2.31147511984
2.90077821012
3.01097062105
2.71002974382
2.26359532497
3.05112079263
3.16399384886
1.78887613612
6.39228249
1.35022834611
5.49568437805
6.28785567009
5.1032582922
1.55150242819
2.47545015371
1.59243619531
1.06271753561
1.10517897285
1.0614838583
1.11913019347
1.07336866141
1.08796703569
1.28497048862
2.04248468941
2.32282006183
1.9069967524
11.2922084501
5.09345539008
1.55465169096
16.6893576222
1.87024223973
2.2157139322
1.82363674731
5.70183612634
1.92587064677
1.99039216919
1.36334390738
1.23658307365
1.75123825445
1.79950586771
5.8284635908
6.22936443358
3.35210625211
1.76748525355
3.19499975716
1.55981357837
1.91806499951
3.67380086192
2.28284194705
2.2885526697
2.10638514996
1.7765356061
2.66538764266
2.10915484736
2.7290949877
2.40286829017
1.75340292656
2.89106293716
2.85929211415
2.19534821007
2.04867818209
2.55394570464
1.67418400434
2.01969994107
2.03980409954
1.36560164982
1.87069524496
4.8771904961
4.89272787332
5.38374473399
1.40891522698
4.20125942147
1.62030931952
1.62042449757
1.5430387681
1.80738142513
1.57973295751
1.84113475177
1.75501393394
1.86722610807
1.85500163512
1.45067880385
2.1552761311
2.18670280194
2.46763260026
1.18863447682
1.71056246625
1.69071078943
1.99938707248
2.02982302919
1.99556417482
2.2478482422
2.16258953766
1.32833804827
2.50408260022
8.23572118667
1.4706657904
2.03007644569
1.40558338947
2.79405579821
1.33718962947
1.32801080675
1.60836852207
1.6565485531
1.92445535254
2.32785479854
1.65639799738
2.90827613462
1.25424527556
2.20060079428
1.91579136046
1.19232563704
4.32742099685
2.11539127043
2.04770528872
1.62371690548
1.59046684879
2.02417267084
2.16072058785
2.80274500038
1.47433995398
2.69088921725
2.46652832354
1.46282738899
1.53297719794
2.20959935851
2.29952191555
2.59940085559
2.04216827221
2.49248846888
3.54473527382
2.5928570778
1.98586733828
1.97678917404
1.46751531325
1.73464911687
2.2739434964
3.59678459664
2.36228616894
1.43239415399
5.58727899311
2.56434077313
1.86083806775
1.39037253219
2.79102877461
1.92611671114
2.50907988621
2.059728778
1.39774524575
2.10589065531
2.33982532391
1.23506568401
8.69583210172
1.80435626766
3.34527928818
2.68041547494
4.9046082835
2.18749427478
2.67470337542
1.81627349526
1.9962811114
2.82391637631
2.89063230286
2.0107689674
1.77093325531
1.86106583214
1.77305797704
3.04361573898
3.05855831726
1.6278728882
2.47123271581
6.13516012784
2.17029299667
2.77367781379
2.67984761039
3.07046228527
2.12314107019
2.00756374601
2.08007419184
2.23887112134
1.85405126638
2.57833926813
1.76294211905
2.37394123538
3.3627471442
1.40796472316
2.3904685809
2.06077179241
2.69458949529
1.79345043235
1.73345092519
1.93051672457
4.13104459166
3.38273333526
2.93021487258
2.4039835396
3.86563690225
1.8618067219
2.78690851608
2.32688288805
2.7489328352
1.8041413234
1.65765293452
2.01000823566
2.03999881835
6.11157080181
1.58573865847
1.59170665161
2.03330233537
1.74207553226
1.49863457356
2.5349278798
1.83367699762
1.81424395845
3.3983452911
2.48982604726
2.50588711899
2.54215760596
1.97567054737
1.86150846763
2.41713605712
2.94895268786
2.07881361
2.65708593499
1.99603881765
2.40456542338
2.02982517619
2.45206847102
7.4781279171
5.79722850678
2.08226327399
1.8480534686
5.3976771236
2.96654768303
2.37078764712
2.10116629989
1.58562343831
1.64838994048
1.54097282524
1.61043570232
2.51159003672
1.7113293241
3.28339033458
3.17976487966
2.34886153746
1.6028957959
4.90720175144
2.32364419169
1.9568741316
1.76221812748
1.62144178407
2.37375300638
6.6187032824
2.30565700707
1.52385685885
2.44756165696
2.56630610171
1.60701542183
2.52759528555
1.97348332664
2.12449675458
2.19031182969
2.17925686339
2.50826304853
2.37114924051
1.75923013661
2.27451992104
2.25463754353
3.93379920195
2.11899327246
2.3664455345
2.48354826784
1.81732930647
1.81037339733
1.9401083153
2.39507971927
2.30342029491
1.89148192504
1.66608166199
2.1313823785
2.61312576031
4.66071095064
2.22570003596
2.44418696075
1.75625478155
1.70842932162
1.56801245747
2.03758456683
1.74929161178
1.54832158928
1.72833475391
1.24610415597
1.47876104437
4.92670329106
3.31352497118
1.64609877369
1.91333511355
1.81383687758
4.24115299916
2.34326705175
3.68999453253
2.38766719977
2.36316012028
3.07476808906
1.50018485008
2.52615884324
2.26821846575
2.44845000389
2.07143800344
3.26552889903
2.0233498212
1.68681863231
2.74272382494
2.58030795923
2.21839173784
1.37413777007
2.26638791476
2.45700610662
3.05527077554
1.59004035298
1.97851601353
1.92764108286
4.7556770039
1.85571339078
1.43874531481
2.06781706455
1.72256419472
1.42791058565
1.68948328955
1.66939895172
2.16366158915
2.29250126435
1.9697257961
1.67990292408
1.79198724124
1.71207921119
2.35989963402
2.49406215133
1.72679168613
2.14891165616
1.91166052324
1.88942900178
2.07100574613
2.6194590858
2.05499405205
2.17868131236
1.84727732276
2.66254616718
2.14311955756
1.93736283876
2.22689194694
2.48488491552
1.75576790859
2.33169378812
2.03654311198
2.06527419603
2.5394140294
2.70965715017
2.24260295479
1.92541457095
1.73588597855
2.68216581507
2.16188283773
2.06921571381
2.2757273752
3.27320885904
1.46698234857
2.4275223357
3.45553523266
1.85003934617
1.78358162112
1.79432964728
1.98470691164
2.29160313464
1.78980752345
1.6448182447
2.04562488704
2.27501917497
1.95482526649
2.56907746556
1.58235753148
1.61873356472
2.08353662715
2.3851236044
1.87959054162
2.26207761249
1.56242907349
1.92084490894
2.15282985181
2.41792720081
2.41703192658
1.89730913127
1.87048929314
2.98546091404
1.80072534027
2.09432572195
2.03908312781
1.81072437851
2.0978318286
2.06699923466
2.11046195852
2.26191744212
2.22606492261
2.23656982367
1.64048798117
1.74623864645
1.9777782977
3.55388590949
2.06610109031
1.94725007734
1.62989918172
2.45688536512
1.87434526063
4.56438279388
2.60176907162
1.68686774856
3.71665483102
1.65392836094
1.94989865697
1.71606177634
1.82325607672
3.12384094151
6.50251148108
1.9032279865
4.70330429975
2.06901287294
1.77879891079
5.99001968436
1.68519948792
2.27695705983
5.7611450975
1.92487063454
2.57765881138
2.23660281143
1.48552934533
2.26334447767
2.51046401625
2.91327050483
1.39914250376
3.19425979287
4.79708263587
1.91529742024
2.02461612389
1.78359144886
1.74515735765
1.51194596813
1.72748122117
2.96081067786
2.06918560594
1.7443683389
1.65500441994
1.62609347029
2.10864678791
2.59732086007
1.67958408103
1.77930291594
2.44407966732
2.01576156339
3.23499717815
2.8082431921
3.15289405931
1.55298395818
1.94021847935
1.76775195623
1.94677470889
1.90067182666
2.34966490751
1.96075719057
1.78846877095
2.0476607068
2.56759888752
5.88897168407
2.72405808186
2.2532740094
1.33129318096
2.08773986718
2.38912205358
1.60284934082
1.86072534277
2.46580589213
1.76765799256
1.79324968793
3.09019997863
2.33458271652
1.8183768644
1.70511233186
1.70094686685
5.60162412993
1.77630420949
1.73926552412
1.68736402044
1.63625483601
1.74669821803
1.92841386773
1.83264437844
1.63472113875
2.65216183687
1.87312594264
2.24495332777
1.73344718865
1.31586576202
5.09064375792
1.82603706801
2.30199418575
1.98056093242
2.58261511943
2.35943236851
2.47084082285
2.35762753343
2.67648216676
1.30233572584
1.27848822667
2.51692717979
1.63210604528
1.63632998658
2.33448055243
2.76356494225
1.6470693089
2.20909839639
2.43752536071
2.40253241051
2.41104575226
2.43849203489
2.06541239292
2.97746739005
1.84310352257
4.33718716627
2.79970578964
2.68508845243
2.20635424311
1.72080566193
1.87686744558
1.96212405268
1.9941906675
1.26591591232
1.24743085958
2.32357047695
2.0791731091
2.17324086115
1.92908503988
1.52227227227
1.5345208807
1.69392216395
2.19612720606
2.61889288751
1.33065450799
3.5886567501
3.17550545632
1.97136579405
2.29982374688
2.16240511386
1.99486425942
1.87044470598
1.38851712161
2.52104272798
1.92321404612
1.97605592086
2.11558342777
3.1293882284
3.29400921659
4.97085990107
2.42450841884
4.43401053423
2.97509345905
2.63906897993
2.06853811105
2.30390640319
3.34730527626
2.32143012389
2.00537929951
2.47056591603
2.86003956478
1.95009644047
2.79297855215
2.09126744037
2.84728723188
2.26430500193
1.77628703874
1.29849306036
2.70357485337
2.91528136404
2.0487932569
2.94824711102
2.37077687902
2.14130985498
2.10615909568
2.22293493532
2.38043791138
2.16646374324
1.89900560372
1.92515687772
2.3464859251
2.51050024807
1.58917489063
2.37932194269
2.39709033495
2.19082162424
4.91836788785
2.53337887831
1.7864397685
2.13898628442
2.42081014386
4.63835388665
2.25986422154
3.90406829583
3.58738217049
2.63402969056
2.61621598346
2.66830687339
2.15455563473
1.50794751255
2.32817340962
3.31319141025
2.21402728127
1.47523056277
2.2124892696
2.33470694139
1.28108420004
2.06110982024
4.46299126637
2.12616731988
3.60140829655
5.28601836647
1.68585610534
2.41943688762
2.09669895114
1.91767666322
2.21411667013
2.13472517321
3.13698382477
1.77746758444
2.37631466525
1.85074416419
1.98803557461
2.80208428373
2.58193841042
2.15611610228
3.39401426533
2.42386801366
4.49349015584
1.80607640477
3.17590050844
2.32378743917
2.13158933303
2.51654405944
2.02623771556
3.28385306742
2.05083128918
3.41612870718
1.92373930432
2.9789199528
1.90839182424
3.47611297124
3.9895432964
3.25396384724
3.33598540442
2.36400768375
3.20431614349
2.23786153645
1.75675281959
2.41446808511
2.44209453308
1.52844708256
2.66915178094
2.47573780677
2.29911681387
1.42958798954
1.76772976397
2.18643579238
1.94954348871
2.65537453573
2.48094032349
2.28932641329
2.05726135413
3.45575100787
1.89065437134
2.13931219712
2.23951233384
1.72115935299
2.81712242117
2.21863149217
2.35003202792
1.27992981509
1.59300670868
2.40366728674
1.19095243658
2.5121366993
3.79619269851
2.90649758634
7.7543202444
2.30912140643
2.29513408094
2.39811225774
2.64216664
1.6306927483
2.42452075511
2.41460349871
2.46107719145
2.01793141273
2.05444446551
2.14608859567
1.54910234067
1.95338554385
1.20393382573
1.9542156095
2.88366336634
1.9512783935
1.82171796805
2.55328644048
1.91673805037
2.2676896117
1.8259317945
3.36100177397
1.32628091942
2.26553732814
8.01901208246
2.42398972146
1.26533163329
1.9044910706
2.36837706836
3.02936263736
2.56783621393
1.68971916801
1.36084510455
2.33580217663
1.38805214724
1.91957331674
1.4739815285
2.00455322534
1.74278068904
2.25743804466
1.98021731773
2.15736904293
6.12755303419
2.05621557576
1.48428170534
2.17264923568
6.99388925448
1.55033568191
2.11504500496
2.07458431106
2.24558714868
2.36691185781
6.94093934565
1.46973260132
3.77442124621
1.75940465726
2.09076776491
2.16866861815
1.86868530929
1.85000520183
10.9236135778
2.07869023893
2.58423820703
2.10216653933
2.16493515519
1.8671611787
1.87974602039
1.79440993789
22.1745943576
1.85839885567
6.47334702152
1.66544275263
1.74186485054
1.96502114486
2.25262662694
2.03217332079
19.4421187588
2.28467900077
6.55843341532
5.90902532283
1.67847683589
2.09636106063
2.81360852953
1.77205882353
9.78278275719
1.78255097596
4.71253530704
2.29373563311
1.99477856971
2.1694770147
1.4344225558
2.56507100321
2.50705439724
5.66071155901
2.87663324887
3.48998922698
1.9175973815
2.18445987666
2.79829767112
1.35956160508
2.75729877449
1.45801256794
5.41023422943
1.6738945305
1.9164734259
1.6545412536
2.02743163539
2.72572029074
6.56415170466
2.67969145169
1.74030891021
8.15909807895
1.95704669597
2.59014018692
3.35728952772
2.36066518124
2.97761106651
21.7499070398
2.15265177702
2.16872971999
1.98558470398
1.65019442644
7.91092537313
1.43281092012
1.89402018796
1.51343628111
2.59625627758
2.30057628147
24.5776497387
1.9160081908
2.05796150205
2.06488801054
1.30880091452
1.71394653117
1.46390365045
1.5193179948
2.21636031991
2.45838794233
1.84276563925
2.0558707568
2.02281887802
3.99833816295
3.32036395656
2.28735387885
4.87967264502
2.22198932023
1.38933054589
2.36378780413
3.44411921235
1.59796549817
2.42216356053
2.16520772544
2.11895728797
2.00379514104
2.24851349291
3.23250900957
2.81447319434
2.65113200658
1.96794219019
2.68944126704
2.28656089089
3.5367900774
8.01348531066
2.53338306602
1.97891859946
3.19923212618
2.62061560487
2.70129005836
2.44087702287
3.23171521036
1.59128970994
1.98994573219
2.07515778829
7.98703494929
19.1805005145
3.03613671889
1.74690620353
23.3279706947
1.85232823185
2.4372029871
1.66311600921
1.61976346336
1.83698707139
1.69073769482
1.75222288085
1.93951358976
3.31909108042
3.15507685275
4.73144966272
2.36674055722
2.3016917459
4.35795552703
4.22883973184
3.23898700267
3.66714894301
3.16871562601
2.08573196425
1.50315344704
2.22376085284
2.25497203232
6.04668389321
6.89131838733
1.56463719766
2.29284750338
2.25513535324
2.02757244234
2.00798061181
2.30963635687
3.26737084142
3.01394199939
3.63485820742
3.40595568888
1.69563299515
3.2260672602
4.78583395383
4.84089427109
5.14961278127
4.98654539753
4.32383204841
2.19925486408
4.10517978773
2.39045846726
13.7785197801
4.56032823996
3.54926852539
3.15577677083
3.29957795903
3.37678765164
1.89687141875
3.47194391332
2.97570658853
5.07444694431
4.42741898728
3.30630874665
4.00424090472
3.15879339783
3.51150010723
6.44217470428
1.75827267368
6.87620757458
2.05992561306
2.05117085863
3.73567031354
4.11965101787
3.32803313736
3.84022429401
3.4416825376
3.49287441981
4.2912712834
3.39126986749
3.9003596146
1.86452159187
1.73106591865
3.89907562185
1.29808695739
2.30239309457
2.12296792522
2.27529696837
2.27241804989
2.33917483474
1.21730128998
1.61623459414
1.77658388693
1.58642476419
2.44032597266
2.01113701114
3.86248262036
3.62269624574
3.55698005698
3.67231779571
3.5639287567
4.26989752947
4.2470331373
1.94600483185
2.40542530858
2.57683594876
2.77534986497
2.77307284146
2.04750533747
2.2971785056
1.54237236882
1.63918519028
2.88884546332
1.7997493967
1.87202525498
1.45726952325
1.0738606275
1.05668108219
1.08169549816
3.10359100725
1.07623550709
1.0786721194
1.07672723009
1.10118801455
1.0528846546
1.48312230149
4.22774355287
3.89424119241
1.65898270101
2.43252225519
3.22140775611
1.96854344082
2.10314051261
2.36630023683
2.15912476723
2.07822537349
1.95273984667
3.21390812106
2.56948280298
3.62995126274
1.10399755274
1.27637920183
1.38669662249
2.68045016032
2.10770045231
2.38047111253
1.34628505459
2.72528608156
3.12304973022
2.43690233096
2.91874935841
1.69512388399
1.98671234207
1.76249039201
1.81893820745
1.86007389804
3.15808881966
1.35668164565
1.93744599266
3.66741841515
2.4658799512
2.16437185666
1.64864445061
5.40425209486
1.76177683673
1.89504674756
2.44444219805
2.21724296911
1.341080274
1.85357413488
2.27610123895
2.02258995248
1.9099443144
2.91923771314
4.76037781253
1.87529433074
1.08906092491
1.1134367929
1.09435115801
1.09066070416
1.04912716262
2.20359530662
2.45753261327
1.04839285423
2.40193228598
1.577837313
2.69028131442
2.07605843617
2.30236071452
1.91063372718
1.05659165562
1.92037044499
1.05854354332
1.60765715669
2.17864750976
2.74152023692
2.16463897722
3.13558145989
3.23273307214
4.93772643037
1.6342126705
2.34024207586
3.23683378143
1.71098088703
4.03660725262
2.486060087
2.41140149647
2.3625175105
2.58574159336
2.1641054389
3.76417970926
3.74898423042
3.85658765337
1.92080986451
1.63252806303
2.85197649182
2.35148865366
1.98047043591
1.36555703255
2.0422436151
2.10229473331
2.57124122292
2.40683300009
2.38166992966
2.00847291388
2.72455070908
2.22134143447
4.46083292728
5.82713326404
5.14244509808
2.74109004887
1.22134227282
2.57883736965
1.89356030279
1.88929462883
2.4861692137
1.83454664923
2.32617469313
2.20513168162
1.38463740307
4.56074283289
7.41540649642
2.59344427568
7.64873417723
3.08731060998
2.49955908289
2.30059515794
3.01043987645
1.66622165219
1.90318704543
1.30383571873
1.32672742104
1.05011949828
3.1461771938
3.75081954195
6.26572789506
2.61922857686
1.85197190338
1.61533007466
2.85934979713
2.03444177454
2.9754180602
3.41913676547
2.21393065562
5.55002513826
2.07886175083
2.1199730145
3.04427063286
3.25385891264
2.1866009791
1.68282478758
1.39125019394
1.27767564705
1.46343470121
1.79432828497
2.93526792113
1.26881174299
1.25981450799
3.9231048147
3.42386672431
1.76480437689
2.02399178844
2.05208114048
2.43772884328
2.18082496061
2.46204628385
2.51453007387
1.95621993995
3.68513633173
2.06022441444
2.43938719576
2.42720260096
1.6721318991
2.29821557469
1.61044373773
1.69964247363
4.88067579766
2.68914611406
2.05423005694
2.1705263739
2.90200780436
2.38937556241
2.43860048142
1.62382520388
1.40103780368
1.59861100453
2.29709407919
5.18485365951
2.17372921465
2.85310529498
2.68381134431
2.08802215283
2.71629520045
2.91026108218
2.33722790289
1.99191270063
2.05716351308
2.42742479144
1.62244774198
1.59390680581
2.04429908358
1.60306813587
4.31972134033
2.93111042046
3.17937300294
1.39218691728
2.16911306515
2.57468132134
2.80837924749
2.75349365613
2.86955227321
2.48901934402
3.36681110222
2.1189925083
2.02496573209
2.45194703029
2.43732382535
4.10620103573
2.79538759587
1.64722347885
2.25515498204
2.31810579345
1.61374374458
1.48521086332
3.28512421431
2.25395086524
3.72212683619
8.73987362279
2.12802066773
1.384445822
6.23659430637
4.26089478496
1.26854319783
3.83237484229
1.71078713742
4.09239373602
2.79436177941
2.343809331
1.74255205803
1.83375937644
5.82334408981
1.42157869669
1.40024150062
1.55878775593
3.03352440507
2.47257234156
3.24962676439
1.90547295822
34.0482532635
2.49803106541
10.7337496997
1.56876938987
3.09455408444
1.56918460535
3.673903009
1.30600192768
1.88197035566
1.85096443591
1.68243085866
2.04511393012
2.07836564102
6.4366175473
1.71287627691
2.86816828343
1.86986327049
1.99660893787
1.87024588275
2.31804523169
3.74924392839
1.29914235643
2.14090323558
1.32872571555
2.76563633725
1.75598193408
1.95643610986
11.2559634432
3.17874626866
1.78980049103
3.54262847515
3.81019191261
1.96328087744
2.18166102913
2.83525104602
2.33630645193
2.22876366695
2.21804407714
1.62249145266
1.70936978943
2.35527945784
2.58148595824
2.52905542597
1.72963978444
1.91991423522
2.09037376924
2.7056840686
2.14136652883
1.8326692447
1.68310050975
1.90970589369
2.0245853385
1.58108825313
1.6866357655
2.24251143312
2.09604425782
1.68125100334
1.30209927701
2.61276158685
2.30270838677
1.20875501344
1.70658629456
2.32998770171
2.60991504672
1.49797144323
5.96070298519
1.76063415923
1.74947646449
2.44334081226
1.76987395431
1.45796752041
1.6064418754
1.75356755555
3.13176574977
2.42342172058
1.397049837
2.49639961883
3.14052382629
2.05908213391
2.20204239315
1.91383336727
2.43999887414
1.72764656679
1.712599951
1.71384194877
1.79197658712
2.15745305385
3.09288706252
1.68820441536
3.48004377878
2.53849495059
2.74182935556
5.76715295639
3.17801620577
5.7423289785
1.69694583404
2.28976040793
2.03248117824
4.160185001
1.95775152724
1.69863138582
9.09680500504
2.19807776928
2.14187160924
2.52576814193
3.21205662562
1.86204858627
1.74209239345
1.4398805486
8.06002508812
2.34595422207
2.02120689655
2.06336919986
1.61395828586
1.75044561021
1.87764082782
1.66742589918
1.75401034776
1.80394042527
1.67822210881
1.38503596669
2.18356967605
1.61821678607
1.64374718
1.63996670074
1.97944110012
2.09346683581
2.63668147605
5.99346998223
2.02278827977
2.10290844619
1.76147864836
1.46792711767
1.93921840168
2.07591409162
4.0614127645
2.58005151495
2.5079791315
3.77008677341
2.44851858791
2.13657708737
2.0400989087
1.9500219243
2.18751002406
2.24111998383
1.80500766117
2.03976751028
1.96321389302
2.22769304925
1.21753866238
2.13541015381
2.32691878487
2.35130782116
1.76762785872
1.96650409924
1.52489449887
2.32278113139
1.64212612571
2.06912093767
2.14503149795
2.05151098901
1.36410366057
11.8529554927
1.42203072689
1.75665124091
2.00487059131
1.55609326169
2.27879834773
1.93805260524
1.43609750355
2.02834901027
2.09754891855
2.04757991187
1.97707657814
2.08092535109
2.1216185016
2.01878652753
1.59482490162
1.79613227409
1.85154868786
2.03580919048
1.81004866125
1.86795230689
3.16698853945
2.044885753
1.70409108963
2.49596152948
2.88093257149
2.32179576972
1.7682311296
2.97279885469
27.7202184653
4.48380258619
1.71934140316
1.4203807327
1.60602135623
2.27829237555
2.02673326726
1.70786225839
8.57051812277
1.61727454573
5.2466797992
5.25311410066
5.90449860424
5.84621467736
7.85602334754
1.25683411697
1.9995201986
7.89744861412
5.88178726399
2.95942085697
3.17119901113
1.63558969139
2.56418608936
1.99540763333
1.65876336588
2.01806297091
2.50346703596
1.23265849635
2.29924207603
2.75614898233
1.93156001028
3.72491777397
1.74279624102
1.37148447572
2.9074598678
2.155204314
13.9593707152
1.95435213666
1.76140962178
2.07649361182
5.14090109705
1.25523065466
2.55736622186
2.49555189456
1.84429212665
2.11213528311
1.86468670512
2.73006402656
2.05035217131
2.17169194573
2.08633065574
1.5100640886
2.25023090256
2.38609228932
1.77967130444
1.78278563377
11.8348103963
2.41242665014
2.11224097532
2.18597196139
2.09667640106
2.00567191916
