File access frequency	# Files	Cumulative % Files	Cumulative % Accesses
1	6736084	0.779708930045	0.425844035935
2	959503	0.890772428882	0.547160406102
3	335071	0.92955725563	0.610708301421
4	164085	0.948550269937	0.652201025465
5	117136	0.962108887263	0.689226741736
6	56250	0.968619884946	0.710562930853
7	27545	0.971808248167	0.722752374718
8	26889	0.974920678686	0.736351397868
9	26741	0.978015978046	0.751566092086
10	17347	0.980023911856	0.7625325772
11	19479	0.982278626947	0.776078307291
12	11911	0.983657337941	0.785114230796
13	12005	0.985046929535	0.794980400735
14	21743	0.987563705048	0.814224189296
15	5671	0.988220129366	0.819601857228
16	12707	0.989690978211	0.832454903989
17	3169	0.990057793352	0.835860665518
18	19325	0.992294682778	0.857851164434
19	2085	0.992536023759	0.860355558899
20	4186	0.993020557737	0.865648198167
21	2455	0.993304726614	0.868907419589
22	1331	0.993458791288	0.870758578966
23	3854	0.993904895911	0.876362378893
24	10412	0.995110096051	0.89215988297
25	7092	0.995931002639	0.903368494319
26	780	0.996021288474	0.904650562216
27	1907	0.996242025764	0.907905611228
28	7423	0.997101245956	0.921045163497
29	7870	0.998012206876	0.935473484807
30	3767	0.998448241157	0.942617789198
31	709	0.998530308665	0.944007265051
32	352	0.998571053042	0.944719356412
33	590	0.998639346173	0.945950217455
34	159	0.998657750593	0.946291975791
35	143	0.998674302996	0.946608383573
36	143	0.998690855399	0.946933831578
37	1253	0.99883589149	0.949864696952
38	1943	0.999060795819	0.954532359729
39	34	0.999064731355	0.954616187245
40	835	0.999161383498	0.956727679738
41	30	0.999164856031	0.956805438294
42	70	0.999172958605	0.956991300208
43	29	0.999176315386	0.957070133476
44	33	0.999180135172	0.957161926503
45	30	0.999183607704	0.957247271259
46	94	0.999194488304	0.957520627354
47	15	0.999196224571	0.957565196282
48	229	0.999222731566	0.958260092255
49	8	0.999223657574	0.958284873843
50	67	0.999231412896	0.958496655276
51	12	0.999232801909	0.958535344899
52	23	0.999235464183	0.958610954031
53	11	0.999236737445	0.958647810322
54	35	0.999240788732	0.958767292981
55	308	0.999276440062	0.959838211629
56	18	0.999278523581	0.959901935714
57	8	0.99927944959	0.959930763276
58	112	0.99929241371	0.960341429601
59	3	0.999292760963	0.960352619246
60	36	0.999296928001	0.960489170857
61	4	0.999297391006	0.960504596131
62	7	0.999298201263	0.96053203289
63	12	0.999299590276	0.960579825954
64	100	0.999311165383	0.960984423318
65	225	0.999337209374	0.961908991513
66	3	0.999337556627	0.961921508744
67	8	0.999338482635	0.961955393773
68	7	0.999339292893	0.961985485702
69	5	0.999339871648	0.962007296028
70	4	0.999340334653	0.962024997163
71	13	0.999341839416	0.962083347689
72	5	0.999342418172	0.962106106291
73	2	0.999342649674	0.962115336168
74	13	0.999344154438	0.96217615221
75	18	0.999346237957	0.962261496966
76	744	0.999432356753	0.965836114677
77	19	0.999434556023	0.965928603105
78	8	0.999435482032	0.965968051348
79	15	0.999437218298	0.966042965079
80	1	0.999437334049	0.966048022546
81	807	0.999530745163	0.970180415654
82	160	0.999549265334	0.97100984025
83	157	0.999567438252	0.971833638414
84	15	0.999569174518	0.971913293521
85	946	0.99967867503	0.976996680089
86	6	0.999679369536	0.977029300751
87	5	0.999679948292	0.977056800729
88	779	0.999770118375	0.981390544244
89	234	0.999797204126	0.982707129353
90	4	0.99979766713	0.982729887955
91	60	0.999804612194	0.983075060081
92	1	0.999804727945	0.983080876168
93	1	0.999804843696	0.983086755474
94	3	0.999805190949	0.983104583045
95	1	0.9998053067	0.983110588787
96	8	0.999806232709	0.983159140471
97	6	0.999806927215	0.983195933544
98	436	0.999857394682	0.985897126695
99	305	0.999892698758	0.987806004415
100	1	0.999892814509	0.987812326248
102	3	0.999893161762	0.98783167106
103	1	0.999893277514	0.987838182549
104	1	0.999893393265	0.987844757256
105	2	0.999893624767	0.987858033107
107	2	0.999893856269	0.987871561831
108	1	0.99989397202	0.987878389412
110	1	0.999894087771	0.987885343429
112	1	0.999894203522	0.987892423883
121	5	0.999894782277	0.987930670977
123	1	0.999894898029	0.987938446833
127	1	0.99989501378	0.987946475562
129	2	0.999895245282	0.987962785893
132	1	0.999895361033	0.987971130714
133	1	0.999895476784	0.987979538753
138	1	0.999895592535	0.987988262883
142	93	0.999906357384	0.988823124257
143	96	0.999917469487	0.989690985602
144	113	0.999930549358	0.9907196744
146	1	0.999930665109	0.990728904278
150	1	0.99993078086	0.990738387028
152	2	0.999931012362	0.990757605403
159	1	0.999931128113	0.990767657119
161	19	0.999933327384	0.990961042015
162	205	0.999957056353	0.993060523024
163	227	0.999983331846	0.995399664753
164	1	0.999983447597	0.995410032561
165	2	0.999983679099	0.995430894612
171	1	0.99998379485	0.995441704948
212	1	0.999983910601	0.995455107236
227	5	0.999984489357	0.995526860049
245	2	0.999984720859	0.995557837035
280	2	0.999984952361	0.995593239304
294	3	0.999985299614	0.995648997879
312	2	0.999985531116	0.995688446122
374	2	0.999985762618	0.995735733439
452	3	0.999986109872	0.995821457505
505	1	0.999986225623	0.995853382766
507	11	0.999987498884	0.996205951438
537	11	0.999988772146	0.996579382161
539	95	0.999999768498	0.999816477164
911	1	0.999999884249	0.99987406907
1992	1	1.0	1.0
